n=11;
n1=9;
n2=3;
n3=1;
n4=4;
rand("seed",9314);
T = rand(11,11) + rand(11, 11);
A = floor((1.0 - n3 *0.01 - n4 *0.005 - 0.05)*T)
Wt = round(rand(n,n)*100 .* A);
B = Wt & ones(n,n);
Wt = (bool2s(B & ~B') + bool2s(B & B') .* tril(ones(n,n),-1)) .* Wt;
W = Wt + Wt'



 A  =
    0.    1.    0.    0.    1.    1.    0.    0.    1.    0.    1.  
    0.    1.    1.    0.    1.    0.    1.    0.    1.    0.    1.  
    0.    1.    1.    0.    1.    0.    0.    1.    0.    0.    0.  
    1.    1.    1.    1.    0.    0.    0.    1.    0.    0.    0.  
    1.    0.    1.    1.    0.    1.    0.    0.    0.    1.    0.  
    1.    0.    0.    0.    1.    0.    0.    1.    0.    0.    0.  
    0.    0.    0.    0.    1.    0.    0.    1.    0.    0.    0.  
    0.    1.    1.    0.    1.    0.    1.    0.    0.    1.    1.  
    1.    1.    0.    0.    1.    0.    0.    1.    0.    1.    0.  
    1.    0.    1.    0.    0.    0.    1.    0.    0.    0.    0.  
    0.    1.    0.    0.    0.    0.    0.    0.    0.    0.    0.  
 W  =
    0.     21.    0.     63.    72.    14.    0.     0.     84.    89.    95.  
    21.    0.     23.    4.     13.    0.     83.    35.    28.    0.     25.  
    0.     23.    0.     44.    45.    0.     0.     28.    0.     57.    0.   
    63.    4.     44.    0.     40.    0.     0.     46.    0.     0.     0.   
    72.    13.    45.    40.    0.     51.    98.    80.    15.    39.    0.   
    14.    0.     0.     0.     51.    0.     0.     25.    0.     0.     0.   
    0.     83.    0.     0.     98.    0.     0.     78.    0.     26.    0.   
    0.     35.    28.    46.    80.    25.    78.    0.     65.    0.     22.  
    84.    28.    0.     0.     15.    0.     0.     65.    0.     5.     0.   
    89.    0.     57.    0.     39.    0.     26.    0.     5.     0.     0.   
    95.    25.    0.     0.     0.     0.     0.     22.    0.     0.     0.  
